Actual	Predicted
[3.]	[12.539989]
[3.]	[13.2130575]
[3.]	[15.657856]
[3.]	[13.444782]
[3.]	[12.401294]
[3.]	[13.162128]
[4.]	[14.124016]
[8.]	[15.591297]
[10.]	[18.377531]
[10.]	[20.833105]
[7.]	[22.166616]
[9.]	[18.045322]
[3.]	[18.97507]
[6.]	[16.148819]
[6.]	[14.313738]
[8.]	[13.820387]
[18.]	[17.965252]
[18.]	[24.70601]
[29.]	[25.440306]
[29.]	[34.939503]
[29.]	[32.923206]
[23.]	[25.495823]
[24.]	[23.963045]
[27.]	[30.822914]
[27.]	[36.725533]
[23.]	[38.97123]
[23.]	[34.228172]
[20.]	[33.848587]
[24.]	[31.948643]
[36.]	[36.17679]
[35.]	[43.86187]
[28.]	[39.989616]
[33.]	[35.00181]
[65.]	[48.689713]
[98.]	[94.72606]
[99.]	[116.20587]
[45.]	[110.781906]
[28.]	[45.645054]
[24.]	[24.58019]
[4.]	[22.49755]
[15.]	[11.474605]
[15.]	[14.144232]
[15.]	[21.582123]
[10.]	[21.202818]
[10.]	[14.133663]
[10.]	[14.092428]
[9.]	[14.392916]
[41.]	[14.933126]
[24.]	[33.115913]
[17.]	[23.350283]
[16.]	[17.771961]
[18.]	[18.45441]
[22.]	[24.018133]
[24.]	[33.44789]
[23.]	[34.851383]
[19.]	[35.146534]
[40.]	[28.616129]
[48.]	[45.41974]
[39.]	[53.82628]
[37.]	[47.047142]
[12.]	[41.886772]
[8.]	[21.413155]
[8.]	[15.890956]
[8.]	[16.638298]
[23.]	[17.515257]
[22.]	[28.26542]
[18.]	[28.607288]
[26.]	[25.699203]
[18.]	[35.188744]
[18.]	[27.722902]
[38.]	[25.02976]
[32.]	[42.73369]
[36.]	[38.68377]
[38.]	[43.795715]
[36.]	[47.083675]
[36.]	[44.601017]
[43.]	[42.813812]
[43.]	[48.96456]
[43.]	[49.060276]
[49.]	[48.589546]
[51.]	[53.0019]
[62.]	[57.768646]
[62.]	[69.3633]
[72.]	[72.4905]
[72.]	[77.23134]
[68.]	[80.74154]
[68.]	[71.23538]
[68.]	[63.59684]
[29.]	[63.53994]
[28.]	[27.008383]
[28.]	[25.907082]
[28.]	[29.276266]
[16.]	[31.51998]
[27.]	[29.353434]
[36.]	[31.856062]
[48.]	[42.89805]
[49.]	[52.641846]
[48.]	[55.9071]
[60.]	[56.079185]
[83.]	[62.593628]
[80.]	[76.309326]
[98.]	[76.367325]
[107.]	[88.35046]
[93.]	[96.667496]
[67.]	[81.526405]
[67.]	[61.195026]
[89.]	[61.312634]
[96.]	[79.55423]
[91.]	[87.986565]
[102.]	[86.077194]
[102.]	[98.45424]
[111.]	[98.48821]
[111.]	[111.966286]
[112.]	[112.86599]
[112.]	[111.21431]
[112.]	[111.41174]
[94.]	[112.59515]
[97.]	[96.77522]
[89.]	[96.85385]
[86.]	[91.13083]
[86.]	[87.13165]
[78.]	[85.60181]
[72.]	[76.90564]
[72.]	[71.100815]
[75.]	[72.13608]
[79.]	[74.853455]
[82.]	[77.35527]
[88.]	[79.22065]
[94.]	[83.0858]
[91.]	[88.011826]
[90.]	[86.40995]
[99.]	[85.301956]
[98.]	[93.08601]
[122.]	[93.35432]
[136.]	[110.11966]
[135.]	[124.61595]
[132.]	[123.477486]
[138.]	[127.79195]
[139.]	[134.37054]
[133.]	[137.891]
[136.]	[129.65067]
[134.]	[129.78513]
[138.]	[127.757355]
[137.]	[130.57387]
[99.]	[131.17305]
[99.]	[100.1567]
[71.]	[100.082245]
[69.]	[66.44303]
[69.]	[63.920033]
[76.]	[77.29085]
[80.]	[83.39529]
[84.]	[85.283745]
[87.]	[91.3553]
[85.]	[96.17032]
[89.]	[96.04188]
[95.]	[97.93872]
[104.]	[104.40502]
[104.]	[112.21679]
[107.]	[110.06664]
[114.]	[112.24409]
[112.]	[111.67407]
[130.]	[112.691986]
[117.]	[127.97495]
[132.]	[121.79863]
[144.]	[127.44032]
[132.]	[137.8322]
[135.]	[124.61833]
[135.]	[128.05843]
[158.]	[131.50989]
[167.]	[148.47469]
[163.]	[156.71068]
[193.]	[154.33293]
[199.]	[175.28444]
[207.]	[184.61406]
[209.]	[189.69508]
[207.]	[190.81895]
[202.]	[188.26793]
[194.]	[183.0448]
[176.]	[174.24199]
[170.]	[163.738]
[144.]	[157.76219]
[129.]	[135.64339]
[128.]	[121.8707]
[108.]	[127.07486]
[91.]	[104.06143]
[90.]	[90.13536]
[148.]	[95.72975]
[130.]	[137.96751]
[119.]	[126.53613]
[121.]	[112.10377]
[72.]	[110.06908]
[65.]	[76.725494]
[64.]	[65.59155]
[87.]	[72.49932]
[91.]	[97.527435]
[64.]	[99.74937]
[45.]	[71.652214]
[52.]	[50.454865]
[24.]	[49.461548]
[12.]	[26.86213]
[10.]	[17.457798]
[8.]	[17.415014]
[5.]	[16.831337]
[10.]	[15.872416]
[7.]	[18.284744]
[10.]	[16.549767]
[9.]	[18.05379]
[11.]	[18.000443]
[6.]	[19.801092]
[7.]	[16.693756]
[12.]	[16.894896]
[9.]	[24.08996]
[12.]	[24.585096]
[17.]	[25.792015]
[18.]	[30.957333]
[17.]	[33.539253]
[25.]	[31.395403]
[32.]	[37.72857]
[28.]	[46.34372]
[31.]	[43.083447]
[36.]	[40.72518]
[36.]	[48.676064]
[37.]	[47.76602]
[24.]	[46.22129]
[18.]	[35.54834]
[17.]	[28.159285]
[14.]	[27.177788]
[13.]	[22.450598]
[14.]	[21.115889]
[14.]	[22.879656]
[12.]	[25.124317]
[10.]	[21.99111]
[13.]	[21.034006]
[13.]	[24.751719]
[12.]	[24.770378]
[14.]	[22.800524]
[17.]	[26.854374]
[16.]	[30.405355]
[21.]	[28.787722]
[22.]	[34.249702]
[27.]	[35.515236]
[42.]	[40.38006]
[53.]	[55.80168]
[42.]	[64.838524]
[46.]	[53.87204]
[36.]	[57.826023]
[33.]	[47.532738]
[33.]	[39.6871]
[23.]	[37.387375]
[38.]	[30.350191]
[92.]	[41.41027]
[122.]	[86.79129]
[121.]	[110.11384]
[63.]	[105.567566]
[78.]	[64.81904]
[78.]	[74.62774]
[71.]	[80.91163]
[70.]	[75.364655]
[69.]	[75.55122]
[54.]	[75.293976]
[40.]	[61.36833]
[38.]	[46.52311]
[38.]	[47.46628]
[59.]	[52.101837]
[57.]	[73.243286]
[81.]	[73.94153]
[89.]	[88.77609]
[75.]	[92.91933]
[66.]	[78.28236]
[72.]	[75.01432]
[77.]	[83.9413]
[94.]	[87.842514]
[106.]	[101.81574]
[105.]	[108.56311]
[85.]	[104.82999]
[81.]	[83.45726]
[78.]	[79.31324]
[81.]	[85.76932]
[81.]	[93.374374]
[125.]	[92.89046]
[105.]	[128.40706]
[89.]	[114.54161]
[75.]	[89.89096]
[75.]	[78.807976]
[58.]	[80.44274]
[44.]	[66.39243]
[44.]	[53.095547]
[44.]	[57.726654]
[44.]	[59.73632]
[44.]	[59.584976]
[44.]	[61.862144]
[44.]	[61.862144]
[64.]	[61.54428]
[78.]	[77.82593]
[75.]	[84.463356]
[83.]	[82.49298]
[95.]	[87.69298]
[111.]	[97.76745]
[128.]	[110.039566]
[150.]	[124.25071]
[156.]	[144.06744]
[158.]	[146.475]
[159.]	[145.81636]
[161.]	[144.13013]
[165.]	[145.84114]
[159.]	[149.02731]
[156.]	[150.03409]
[156.]	[146.77032]
[146.]	[147.05641]
[109.]	[139.1082]
[77.]	[104.42656]
[74.]	[71.13433]
[83.]	[73.65894]
[84.]	[88.78273]
[76.]	[90.30791]
[65.]	[80.27697]
[69.]	[73.57318]
[69.]	[77.089714]
[67.]	[77.48153]
[68.]	[76.028694]
[72.]	[76.68556]
[82.]	[80.38718]
[89.]	[89.22747]
[105.]	[96.203896]
[115.]	[107.97763]
[119.]	[116.37041]
[125.]	[120.504524]
[132.]	[126.20389]
[127.]	[132.64879]
[127.]	[129.87941]
[130.]	[129.54898]
[167.]	[129.6322]
[156.]	[156.26396]
[126.]	[149.3679]
[101.]	[120.54662]
[98.]	[98.48962]
[85.]	[100.17762]
[100.]	[95.497894]
[120.]	[106.8649]
[114.]	[121.08857]
[102.]	[116.19828]
[91.]	[104.29874]
[99.]	[94.68562]
[102.]	[102.20625]
[116.]	[106.4108]
[122.]	[115.90652]
[132.]	[122.44319]
[143.]	[131.12735]
[145.]	[137.90273]
[146.]	[140.94304]
[147.]	[142.80643]
[160.]	[145.08421]
[162.]	[155.76103]
[157.]	[161.48254]
[164.]	[159.39769]
[162.]	[157.88759]
[146.]	[150.75432]
[95.]	[133.91502]
[73.]	[88.36801]
[85.]	[67.04614]
[84.]	[85.878334]
[106.]	[88.79591]
[85.]	[103.484566]
[85.]	[92.55258]
[99.]	[91.37691]
[96.]	[102.11243]
[94.]	[100.66573]
[100.]	[98.20238]
[111.]	[102.77484]
[108.]	[111.680305]
[119.]	[108.73743]
[126.]	[118.02424]
[143.]	[126.60066]
[167.]	[141.59767]
[196.]	[162.49544]
[219.]	[188.36308]
[206.]	[207.88467]
[174.]	[192.48598]
[136.]	[154.10136]
[134.]	[122.21053]
[117.]	[121.93578]
[103.]	[111.703415]
[87.]	[97.89106]
[94.]	[87.287544]
[105.]	[98.18767]
[100.]	[109.26485]
[104.]	[102.19962]
[106.]	[105.66517]
[100.]	[107.97243]
[92.]	[105.335434]
[69.]	[94.87036]
[64.]	[68.59633]
[64.]	[64.05916]
[43.]	[65.57837]
[50.]	[45.50755]
[63.]	[50.390884]
[105.]	[63.753696]
[108.]	[97.16624]
[132.]	[105.139565]
[145.]	[121.95928]
[163.]	[135.73663]
[166.]	[152.24603]
[157.]	[156.22401]
[161.]	[149.66602]
[145.]	[154.44344]
[171.]	[139.83533]
[155.]	[155.85529]
[135.]	[148.80551]
[156.]	[130.07835]
[166.]	[147.43813]
[169.]	[161.02568]
[183.]	[162.1799]
[202.]	[175.93956]
[212.]	[193.16539]
[220.]	[203.48662]
[214.]	[209.398]
[205.]	[203.40663]
[208.]	[192.35799]
[208.]	[195.17023]
[208.]	[198.26091]
[219.]	[195.34937]
[247.]	[205.52608]
[247.]	[224.99612]
[247.]	[227.829]
[226.]	[229.06702]
[232.]	[215.08797]
[247.]	[217.57329]
[252.]	[236.0438]
[247.]	[234.55975]
[240.]	[230.229]
[221.]	[223.67029]
[193.]	[207.41252]
[172.]	[179.46527]
[154.]	[162.45982]
[163.]	[147.86916]
[176.]	[157.62274]
[180.]	[172.2994]
[193.]	[173.6153]
[212.]	[185.36266]
[217.]	[203.73387]
[175.]	[205.13219]
[164.]	[169.28857]
[28.]	[25.180716]
[30.]	[32.407906]
[38.]	[36.550426]
[40.]	[42.368713]
[37.]	[42.055355]
[31.]	[34.00057]
[37.]	[34.516815]
[38.]	[39.13263]
[28.]	[38.254623]
[23.]	[24.842669]
[15.]	[20.24609]
[14.]	[15.80121]
[13.]	[15.305559]
[14.]	[16.718458]
[17.]	[15.823839]
[3.]	[16.043152]
[7.]	[11.465542]
[6.]	[12.172282]
[7.]	[12.716344]
[15.]	[11.47951]
[16.]	[15.548164]
[18.]	[23.037153]
[24.]	[22.124094]
[34.]	[28.369354]
[36.]	[37.85224]
[35.]	[42.913216]
[32.]	[41.84752]
[42.]	[38.766266]
[56.]	[48.093647]
[62.]	[57.46144]
[62.]	[61.14247]
[58.]	[60.645138]
[32.]	[52.03936]
[25.]	[28.914492]
[21.]	[24.30785]
[22.]	[21.08833]
[20.]	[21.783825]
[28.]	[26.530212]
[37.]	[33.128162]
[45.]	[41.065964]
[53.]	[46.663513]
[52.]	[48.570175]
[52.]	[50.28465]
[63.]	[53.7254]
[69.]	[64.80894]
[73.]	[70.206375]
[79.]	[72.00411]
[88.]	[77.33151]
[89.]	[86.51172]
[102.]	[91.121506]
[99.]	[101.806656]
[103.]	[103.3127]
[113.]	[106.52957]
[121.]	[110.218346]
[116.]	[114.25037]
[103.]	[107.52641]
[71.]	[90.00105]
[63.]	[59.94433]
[57.]	[54.33833]
[55.]	[56.434147]
[63.]	[57.484215]
[58.]	[60.690544]
[70.]	[58.28331]
[74.]	[64.69961]
[73.]	[70.522675]
[71.]	[71.23462]
[85.]	[70.52905]
[88.]	[79.75458]
[86.]	[84.05936]
[98.]	[79.08818]
[120.]	[92.39238]
[120.]	[112.980446]
[99.]	[106.43002]
[73.]	[91.142044]
[65.]	[67.54031]
[77.]	[55.56058]
[74.]	[70.45911]
[76.]	[67.6515]
[77.]	[70.581665]
[72.]	[71.14044]
[87.]	[67.52411]
[89.]	[79.142365]
[75.]	[81.58539]
[66.]	[68.67673]
[65.]	[60.091537]
[69.]	[63.839497]
[65.]	[64.17045]
[70.]	[61.304012]
[82.]	[65.861374]
[84.]	[77.14285]
[84.]	[80.647964]
[84.]	[80.017395]
[89.]	[80.64335]
[93.]	[83.50195]
[106.]	[88.2858]
[101.]	[95.67]
[125.]	[96.32483]
[145.]	[112.83449]
[145.]	[123.034996]
[133.]	[121.03337]
[119.]	[111.94408]
[128.]	[104.035446]
[172.]	[118.75182]
[167.]	[154.49135]
[159.]	[151.89636]
[156.]	[140.59909]
[150.]	[140.31163]
[146.]	[136.88797]
[153.]	[131.4508]
[164.]	[136.97954]
[185.]	[148.39044]
[206.]	[166.68486]
[200.]	[183.59497]
[174.]	[178.4832]
[146.]	[161.74466]
[158.]	[138.28734]
[167.]	[142.02072]
[157.]	[153.22441]
[152.]	[148.34981]
[151.]	[142.73106]
[143.]	[139.89664]
[116.]	[131.37918]
[87.]	[110.39171]
[100.]	[84.18887]
[99.]	[83.061935]
[110.]	[83.27983]
[79.]	[87.138504]
[58.]	[62.71269]
[66.]	[47.961845]
[75.]	[57.387154]
[76.]	[64.55674]
[75.]	[65.21818]
[84.]	[68.23567]
[93.]	[76.66008]
[61.]	[84.21752]
[72.]	[59.991985]
[78.]	[63.962563]
[84.]	[72.02282]
[96.]	[79.63481]
[82.]	[91.42498]
[76.]	[78.41068]
[78.]	[71.98748]
[86.]	[71.23114]
[97.]	[77.83724]
[104.]	[83.61921]
[105.]	[89.377686]
[105.]	[90.993576]
[100.]	[91.09923]
[97.]	[87.00959]
[81.]	[77.81984]
[77.]	[75.55022]
[77.]	[71.547745]
[76.]	[69.2094]
[72.]	[67.509094]
[84.]	[67.09265]
[100.]	[82.813065]
[117.]	[102.33423]
[128.]	[119.03912]
[137.]	[126.191864]
[156.]	[132.86153]
[153.]	[150.4484]
[164.]	[149.64319]
[143.]	[157.3199]
[141.]	[139.1118]
[126.]	[129.79887]
[122.]	[119.59511]
[128.]	[118.19215]
[138.]	[127.940094]
[119.]	[135.2842]
[81.]	[122.601776]
[60.]	[85.17597]
[62.]	[64.62943]
[74.]	[64.772316]
[84.]	[72.330414]
[92.]	[81.43809]
[97.]	[87.54347]
[95.]	[91.87053]
[106.]	[91.610085]
[111.]	[98.80734]
[111.]	[107.903656]
[115.]	[109.093796]
[115.]	[112.60364]
[127.]	[113.15492]
[144.]	[120.0016]
[155.]	[133.72528]
[162.]	[142.09029]
[145.]	[149.37094]
[181.]	[142.70255]
[186.]	[173.87614]
[198.]	[183.89594]
[203.]	[188.12347]
[198.]	[179.45137]
[183.]	[179.58272]
[175.]	[168.35593]
[119.]	[150.35356]
[76.]	[104.94896]
[33.]	[67.402275]
[3.]	[32.63379]
[3.]	[13.0996685]
[11.]	[10.7822485]
[18.]	[14.427964]
[22.]	[24.49987]
[21.]	[29.679197]
[12.]	[22.000635]
[18.]	[14.758835]
[3.]	[16.59305]
[3.]	[10.628004]
[3.]	[10.87295]
[3.]	[11.05444]
[3.]	[11.526318]
[6.]	[11.765045]
[10.]	[13.374351]
[14.]	[15.764926]
[17.]	[22.778204]
[34.]	[28.744007]
[44.]	[40.423355]
[34.]	[51.765396]
[51.]	[49.905224]
[57.]	[58.51989]
[54.]	[63.76248]
[50.]	[61.819916]
[45.]	[57.384064]
[58.]	[52.92677]
[52.]	[58.110863]
[43.]	[49.38754]
[52.]	[41.385864]
[55.]	[53.936653]
[58.]	[57.817802]
[71.]	[58.550507]
[71.]	[69.40077]
[40.]	[74.27551]
[95.]	[58.299603]
[76.]	[94.720375]
[63.]	[77.348045]
[48.]	[51.617622]
[44.]	[43.275864]
[50.]	[42.13227]
[56.]	[46.005806]
[56.]	[56.843285]
[60.]	[60.450867]
[75.]	[63.7949]
[79.]	[73.913734]
[94.]	[80.5282]
[94.]	[90.46655]
[98.]	[95.110306]
[95.]	[98.38104]
[107.]	[96.09527]
[105.]	[102.32871]
[104.]	[100.758835]
[99.]	[99.23389]
[99.]	[93.942795]
[100.]	[93.02157]
[96.]	[91.77551]
[86.]	[86.49859]
[43.]	[70.79211]
[16.]	[28.29981]
[10.]	[13.058486]
[4.]	[11.624989]
[10.]	[10.424088]
[8.]	[11.714771]
[8.]	[10.4501915]
[8.]	[11.150972]
[24.]	[13.383157]
[15.]	[27.232996]
[13.]	[20.836977]
[24.]	[18.645433]
[17.]	[29.203386]
[20.]	[21.546167]
[19.]	[19.732449]
[19.]	[18.292143]
[14.]	[17.156784]
[11.]	[17.148508]
[15.]	[14.933536]
[12.]	[15.608586]
[12.]	[13.762261]
[11.]	[13.661362]
[16.]	[15.185475]
[14.]	[20.212828]
[17.]	[16.047625]
[19.]	[15.931278]
[20.]	[17.07076]
[21.]	[19.212961]
[23.]	[20.857603]
[17.]	[23.907238]
[17.]	[19.879824]
[11.]	[22.098318]
[37.]	[20.153948]
[44.]	[41.059975]
[51.]	[50.97229]
[53.]	[56.66949]
[59.]	[60.440853]
[73.]	[67.35912]
[77.]	[75.97121]
[451.]	[330.34735]
[443.]	[329.1471]
[446.]	[328.21634]
[436.]	[326.5496]
[414.]	[325.42273]
[377.]	[323.71393]
[327.]	[322.17004]
[132.]	[255.30608]
[59.]	[88.52248]
[13.]	[33.321712]
[3.]	[14.913172]
[12.]	[9.326787]
[10.]	[12.500076]
[11.]	[11.67313]
[3.]	[11.993069]
[3.]	[10.228283]
[3.]	[10.156953]
[3.]	[10.242126]
[3.]	[10.379301]
[3.]	[10.274145]
[3.]	[12.263501]
[8.]	[12.825862]
[3.]	[19.278801]
[3.]	[16.15736]
[3.]	[14.200531]
[3.]	[14.477871]
[3.]	[12.819027]
[3.]	[12.888778]
[3.]	[12.392002]
[3.]	[12.102474]
[3.]	[12.590747]
[3.]	[12.383147]
[3.]	[12.314129]
[5.]	[12.445646]
[7.]	[14.412567]
[17.]	[16.9687]
[32.]	[27.120665]
[30.]	[38.89582]
[26.]	[38.177578]
[20.]	[33.484646]
[17.]	[26.963383]
[17.]	[24.070908]
[29.]	[25.222536]
[29.]	[35.04158]
[31.]	[35.04158]
[44.]	[38.926426]
[52.]	[50.408638]
[52.]	[62.981514]
[42.]	[61.87294]
[36.]	[47.0924]
[48.]	[39.29849]
[40.]	[50.600273]
[35.]	[43.152214]
[36.]	[35.75249]
[33.]	[37.208153]
[33.]	[39.298244]
[71.]	[41.569527]
[78.]	[70.37949]
[82.]	[76.45094]
[82.]	[79.035]
[90.]	[78.39087]
[90.]	[85.6357]
[82.]	[85.75481]
[82.]	[81.45268]
[58.]	[81.45268]
[58.]	[54.63695]
[58.]	[48.522278]
[34.]	[53.219616]
[36.]	[39.36965]
[42.]	[41.23632]
[44.]	[51.789543]
[46.]	[54.083042]
[55.]	[56.567055]
[63.]	[64.39171]
[62.]	[72.01724]
[55.]	[79.15319]
[66.]	[76.61499]
[98.]	[85.14026]
[96.]	[104.07837]
[96.]	[101.91288]
[93.]	[98.94458]
[81.]	[94.21382]
[77.]	[83.02408]
[83.]	[81.83845]
[82.]	[89.995964]
[91.]	[92.07164]
[89.]	[99.497795]
[96.]	[95.57006]
[96.]	[99.146255]
[101.]	[101.437515]
[101.]	[111.147675]
[114.]	[110.95271]
[121.]	[125.37841]
[125.]	[132.17491]
[141.]	[134.76534]
[149.]	[147.89229]
[129.]	[158.39423]
[125.]	[143.41713]
[124.]	[136.68257]
[116.]	[138.82953]
[117.]	[132.31639]
[129.]	[137.4798]
[142.]	[149.01624]
[154.]	[152.40762]
[149.]	[160.83916]
[127.]	[156.3226]
[127.]	[131.52303]
[120.]	[132.12196]
[125.]	[130.31807]
[129.]	[133.92761]
[128.]	[140.10399]
[136.]	[141.76949]
[147.]	[145.81595]
[142.]	[159.34683]
[146.]	[154.44522]
[157.]	[158.27782]
[158.]	[163.55597]
[159.]	[166.62877]
[160.]	[167.09161]
[174.]	[173.36885]
[178.]	[183.07283]
[181.]	[184.95406]
[183.]	[184.51015]
[182.]	[184.50475]
[179.]	[183.27107]
[178.]	[178.25822]
[177.]	[178.72176]
[175.]	[175.51608]
[161.]	[171.63725]
[176.]	[160.0994]
[184.]	[178.05922]
[120.]	[188.79352]
[108.]	[130.43848]
[111.]	[114.36453]
[117.]	[116.77011]
[123.]	[118.97558]
[121.]	[123.928215]
[113.]	[122.384964]
[113.]	[117.76544]
[128.]	[119.568115]
[145.]	[128.67986]
[156.]	[144.46086]
[169.]	[157.20035]
[176.]	[164.8769]
[176.]	[173.36507]
[179.]	[175.3114]
[220.]	[180.42711]
[218.]	[206.23076]
[203.]	[202.25876]
[63.]	[67.13771]
[64.]	[73.817924]
[90.]	[83.90587]
[83.]	[106.130486]
[83.]	[98.80122]
[82.]	[94.109634]
[99.]	[94.48392]
[105.]	[109.15402]
[113.]	[114.097015]
[123.]	[118.30556]
[130.]	[125.8854]
[157.]	[133.20425]
[166.]	[161.26265]
[162.]	[171.32199]
[144.]	[168.13899]
[181.]	[155.23581]
[214.]	[195.90753]
[240.]	[235.63808]
[242.]	[261.48486]
[242.]	[260.1325]
[255.]	[257.29156]
[266.]	[270.32788]
[245.]	[277.24988]
[219.]	[254.85017]
[215.]	[222.40419]
[213.]	[216.52315]
[201.]	[215.14493]
[192.]	[200.03114]
[174.]	[191.52498]
[154.]	[177.27415]
[144.]	[163.67204]
[146.]	[160.26613]
[158.]	[167.69958]
[156.]	[174.67944]
[183.]	[179.95914]
[201.]	[211.10768]
[208.]	[227.1905]
[238.]	[238.08629]
[268.]	[271.17978]
[270.]	[302.72186]
[285.]	[302.8422]
[294.]	[311.5448]
[301.]	[318.149]
[307.]	[322.6919]
[322.]	[331.036]
[334.]	[330.9532]
[328.]	[329.7157]
[312.]	[329.86172]
[212.]	[328.80222]
[86.]	[208.85248]
[22.]	[67.6183]
[3.]	[27.036707]
[3.]	[14.332967]
[3.]	[12.3572445]
[3.]	[12.207722]
[3.]	[11.697017]
[3.]	[12.042854]
[3.]	[12.963559]
[8.]	[12.7943]
[4.]	[13.398176]
[3.]	[12.334623]
[3.]	[12.791019]
[3.]	[13.639938]
[3.]	[15.656313]
[6.]	[16.340193]
[5.]	[22.025682]
[7.]	[23.1738]
[19.]	[23.786985]
[25.]	[31.228483]
[28.]	[32.896523]
[28.]	[32.959236]
[20.]	[34.511395]
[22.]	[32.74352]
[25.]	[34.208935]
[36.]	[41.741028]
[43.]	[51.290558]
[48.]	[56.885838]
[55.]	[61.806858]
[65.]	[65.53115]
[58.]	[72.76272]
[59.]	[66.16197]
[54.]	[66.279106]
[53.]	[60.378284]
[54.]	[57.04599]
[62.]	[63.00411]
[56.]	[72.29441]
[61.]	[67.512596]
[74.]	[72.96269]
[96.]	[87.71556]
[128.]	[113.68117]
[160.]	[146.56401]
[173.]	[176.15366]
[177.]	[188.00807]
[183.]	[187.81667]
[193.]	[189.83076]
[198.]	[199.20724]
[202.]	[205.123]
[209.]	[205.92143]
[215.]	[207.83571]
[212.]	[210.9214]
[193.]	[212.12027]
[207.]	[199.01903]
[218.]	[209.07954]
[223.]	[225.01653]
[226.]	[231.96327]
[234.]	[235.96709]
[266.]	[246.71794]
[268.]	[277.76434]
[301.]	[285.99652]
[294.]	[292.57047]
[289.]	[279.60284]
[254.]	[289.0951]
[260.]	[262.8821]
[255.]	[262.21674]
[244.]	[263.94403]
[225.]	[255.31]
[223.]	[241.80507]
[241.]	[238.2538]
[211.]	[243.46732]
[199.]	[215.13972]
[200.]	[200.9962]
[168.]	[203.56795]
[178.]	[183.72202]
[188.]	[190.86816]
[154.]	[199.62785]
[32.]	[154.62938]
[3.]	[26.755322]
[3.]	[7.198344]
[10.]	[10.646479]
[8.]	[12.623771]
[4.]	[11.7017145]
[13.]	[15.90827]
[12.]	[26.641872]
[3.]	[25.00936]
[6.]	[12.68169]
[4.]	[12.091474]
[8.]	[13.517146]
[13.]	[20.510084]
[19.]	[27.76687]
[11.]	[32.339233]
[18.]	[24.774755]
[19.]	[34.397785]
[18.]	[38.56701]
[9.]	[31.853182]
[52.]	[62.529255]
[76.]	[63.84291]
[65.]	[85.256714]
[94.]	[74.63562]
[122.]	[91.88208]
[163.]	[112.72802]
[203.]	[139.32248]
[174.]	[167.87012]
[137.]	[147.97652]
[124.]	[112.348145]
[117.]	[104.65777]
[105.]	[102.5724]
[103.]	[95.37854]
[104.]	[94.81883]
[110.]	[96.16454]
[122.]	[98.573814]
[143.]	[108.37059]
[159.]	[122.239876]
[184.]	[142.16417]
[207.]	[169.14853]
[236.]	[189.76057]
[264.]	[210.11008]
[258.]	[228.3074]
[247.]	[223.09929]
[231.]	[213.3843]
[188.]	[204.48048]
[188.]	[166.3674]
[170.]	[170.36821]
[174.]	[150.986]
[156.]	[153.38094]
[151.]	[146.93942]
[161.]	[141.09099]
[158.]	[144.5915]
[170.]	[142.06273]
[174.]	[150.30296]
[189.]	[151.39818]
[162.]	[162.12883]
[161.]	[150.54501]
[178.]	[149.96062]
[184.]	[162.38069]
[197.]	[168.20384]
[216.]	[185.24104]
[266.]	[201.79623]
[266.]	[242.1531]
[266.]	[247.26329]
[266.]	[260.12863]
[266.]	[268.40417]
[266.]	[268.36813]
[266.]	[270.79602]
[266.]	[275.40707]
[266.]	[273.2481]
[266.]	[271.30838]
[266.]	[251.28868]
[266.]	[246.5255]
[266.]	[254.3275]
[266.]	[244.0165]
[266.]	[228.60463]
[266.]	[218.28615]
[266.]	[210.37682]
[266.]	[195.1261]
[33.]	[190.85832]
[37.]	[36.88163]
[38.]	[32.357704]
[34.]	[44.87595]
[17.]	[39.46337]
[18.]	[26.907597]
[24.]	[27.95524]
[25.]	[36.7668]
[38.]	[48.040985]
[120.]	[72.106766]
[141.]	[128.01929]
[209.]	[151.42938]
[222.]	[212.46147]
[237.]	[220.47226]
[253.]	[221.38675]
[274.]	[232.80025]
[264.]	[240.76537]
[264.]	[229.8482]
[241.]	[223.72221]
[222.]	[205.14774]
[163.]	[189.87642]
[113.]	[144.88411]
[75.]	[110.4372]
[67.]	[88.66521]
[86.]	[90.490906]
[81.]	[108.02001]
[53.]	[92.69569]
[22.]	[55.36979]
[10.]	[23.552092]
[9.]	[17.38027]
[9.]	[24.153263]
[34.]	[30.16855]
[95.]	[57.903526]
[79.]	[104.64891]
[90.]	[88.55207]
[86.]	[90.40033]
[85.]	[92.884605]
[87.]	[92.064026]
[106.]	[93.67863]
[54.]	[102.14011]
[45.]	[60.6319]
[22.]	[48.35766]
[9.]	[31.399385]
[3.]	[21.663778]
[3.]	[18.374357]
[3.]	[17.668015]
[3.]	[17.798985]
[3.]	[18.440245]
[4.]	[18.301796]
[8.]	[18.896612]
[24.]	[21.337175]
[36.]	[36.225456]
[34.]	[45.37668]
[34.]	[43.48716]
[33.]	[44.039795]
[38.]	[46.14757]
[38.]	[49.783882]
[39.]	[48.812607]
[25.]	[48.54974]
[14.]	[25.09101]
[3.]	[16.536207]
[3.]	[15.839613]
[4.]	[19.86343]
[3.]	[15.720005]
[5.]	[13.361139]
[3.]	[12.714597]
[3.]	[12.386492]
[3.]	[11.836727]
[3.]	[12.466503]
[3.]	[12.427364]
[3.]	[11.434338]
[3.]	[12.144857]
[3.]	[11.997819]
[4.]	[12.40046]
[3.]	[11.248266]
[3.]	[11.227457]
[5.]	[11.291457]
[4.]	[14.168645]
[3.]	[14.4253025]
[3.]	[13.02736]
[4.]	[13.373687]
[3.]	[13.242326]
[3.]	[12.725771]
[3.]	[11.410191]
[3.]	[11.627779]
[3.]	[11.430255]
[3.]	[9.6546135]
[5.]	[11.220094]
[4.]	[11.488765]
[210.]	[195.81471]
[227.]	[191.49446]
[236.]	[202.70805]
[242.]	[216.32669]
[246.]	[220.03838]
[239.]	[221.1303]
[242.]	[217.27663]
[235.]	[225.2365]
[261.]	[218.25557]
[278.]	[229.58586]
[207.]	[236.7376]
[162.]	[183.70561]
[52.]	[128.6244]
[52.]	[34.183823]
[52.]	[36.62781]
[52.]	[52.270462]
[52.]	[52.270462]
[10.]	[52.270462]
[7.]	[11.267733]
[7.]	[12.908936]
[6.]	[14.1558]
[10.]	[11.70904]
[13.]	[12.676198]
[11.]	[15.042218]
[9.]	[12.733706]
[12.]	[13.292565]
[9.]	[13.140591]
[9.]	[12.781175]
[13.]	[13.217738]
[7.]	[12.500201]
[9.]	[12.112923]
[8.]	[13.0021515]
[5.]	[12.329487]
[9.]	[12.319813]
[14.]	[13.895605]
[13.]	[15.188396]
[19.]	[15.720559]
[13.]	[19.791315]
[11.]	[15.253182]
[11.]	[12.832514]
[8.]	[12.936057]
[8.]	[13.064605]
[9.]	[13.064605]
[13.]	[12.875029]
[20.]	[15.123258]
[20.]	[25.031641]
[35.]	[24.716726]
[45.]	[40.95827]
[53.]	[50.43839]
[52.]	[54.33404]
[53.]	[54.8632]
[49.]	[52.9997]
[42.]	[53.21593]
[25.]	[44.410248]
[16.]	[24.767899]
[11.]	[18.987106]
[12.]	[15.567984]
[10.]	[16.18473]
[10.]	[15.049976]
[10.]	[14.949338]
[13.]	[15.452685]
[13.]	[20.16074]
[15.]	[20.037252]
[20.]	[19.714216]
[28.]	[24.091593]
[35.]	[31.10635]
[45.]	[38.08733]
[47.]	[44.839424]
[46.]	[49.209038]
[54.]	[49.79239]
[59.]	[58.798935]
[77.]	[65.10351]
[77.]	[77.267166]
[77.]	[83.71875]
[90.]	[91.89215]
[137.]	[102.7251]
[148.]	[135.59595]
[141.]	[140.6476]
[108.]	[123.46047]
[110.]	[93.71396]
[99.]	[95.102234]
[99.]	[90.73237]
[83.]	[90.96712]
[89.]	[78.30199]
[105.]	[81.49352]
[133.]	[99.27618]
[133.]	[121.60657]
[133.]	[119.83324]
[11.]	[105.707306]
[11.]	[13.359743]
[11.]	[9.274964]
[11.]	[12.033731]
[11.]	[12.601419]
[14.]	[12.725394]
[12.]	[14.718527]
[11.]	[13.894759]
[16.]	[13.268904]
[9.]	[15.399247]
[6.]	[13.015658]
[9.]	[12.161832]
[10.]	[14.312777]
[12.]	[13.662269]
[13.]	[13.841682]
[13.]	[14.148206]
[10.]	[13.766378]
[13.]	[12.78479]
[11.]	[16.257872]
[13.]	[14.590659]
[13.]	[13.798449]
[14.]	[13.8265505]
[11.]	[13.716839]
[10.]	[12.774658]
[7.]	[12.701502]
[8.]	[11.841814]
[8.]	[12.734898]
[9.]	[12.4119625]
[11.]	[12.465248]
[15.]	[13.815327]
[18.]	[17.970495]
[23.]	[24.82559]
[23.]	[27.140745]
[12.]	[24.096912]
[10.]	[14.375226]
[9.]	[15.713736]
[9.]	[16.172142]
[15.]	[15.702367]
[13.]	[18.94753]
[16.]	[17.226744]
[11.]	[18.537973]
[9.]	[16.514301]
[10.]	[16.06466]
[12.]	[16.171824]
[13.]	[17.06391]
[20.]	[19.504614]
[20.]	[22.30683]
[20.]	[21.913528]
[20.]	[21.586266]
[20.]	[21.586266]
[20.]	[21.586266]
[20.]	[21.586266]
[20.]	[21.586266]
[20.]	[21.586266]
[20.]	[21.586266]
[20.]	[21.586266]
[20.]	[21.586266]
[20.]	[21.586266]
[20.]	[22.60992]
[20.]	[22.60992]
[20.]	[22.449013]
[35.]	[37.36483]
[47.]	[35.00272]
[40.]	[44.208393]
[41.]	[39.758003]
[59.]	[40.11657]
[70.]	[56.452152]
[62.]	[64.56658]
[69.]	[59.768272]
[117.]	[69.60458]
[164.]	[116.63638]
[184.]	[167.22832]
[195.]	[197.25684]
[157.]	[190.34709]
[141.]	[155.94588]
[155.]	[130.45097]
[205.]	[150.1169]
[204.]	[190.45178]
[183.]	[183.78761]
[179.]	[164.09851]
[169.]	[160.39519]
[154.]	[146.30754]
[122.]	[131.18715]
[121.]	[106.22328]
[115.]	[103.453995]
[128.]	[105.7288]
[145.]	[116.39624]
[157.]	[132.80534]
[196.]	[143.01936]
[201.]	[177.52795]
[223.]	[187.90819]
[233.]	[206.0696]
[239.]	[218.09929]
[230.]	[220.98254]
[220.]	[213.30232]
[219.]	[207.00133]
[227.]	[206.61874]
[219.]	[221.53056]
[222.]	[209.24446]
[222.]	[213.40521]
[243.]	[216.65373]
[254.]	[234.22348]
[248.]	[241.16017]
[138.]	[231.0456]
[17.]	[122.31246]
[14.]	[21.3548]
[10.]	[10.358056]
[10.]	[11.306022]
[12.]	[11.850117]
[27.]	[12.774155]
[22.]	[21.080063]
[18.]	[19.454985]
[17.]	[14.439272]
[14.]	[15.130973]
[9.]	[13.738948]
[13.]	[13.409244]
[10.]	[14.749433]
[11.]	[13.786211]
[18.]	[14.306289]
[20.]	[22.229927]
[22.]	[26.513836]
[18.]	[23.168036]
[21.]	[19.403093]
[19.]	[18.78089]
[18.]	[18.402243]
[13.]	[18.118382]
[5.]	[14.339033]
[9.]	[11.991748]
[4.]	[13.128227]
[12.]	[10.88318]
[11.]	[13.58119]
[11.]	[13.378587]
[11.]	[12.408596]
[10.]	[12.106876]
[10.]	[13.166747]
[12.]	[13.334173]
[12.]	[13.467975]
[13.]	[13.953763]
[12.]	[13.477237]
[19.]	[15.003744]
[15.]	[18.9608]
[17.]	[17.282343]
[21.]	[18.049831]
[15.]	[21.873602]
[9.]	[19.135668]
[9.]	[14.521305]
[7.]	[13.610284]
[8.]	[12.912684]
[6.]	[12.567253]
[6.]	[12.084503]
[9.]	[11.76803]
[12.]	[12.368359]
[12.]	[13.378614]
[8.]	[13.776881]
[4.]	[13.548726]
[4.]	[12.326218]
[4.]	[12.30843]
[4.]	[12.456541]
[4.]	[11.890486]
[4.]	[11.284174]
[4.]	[11.117772]
[4.]	[11.126659]
[4.]	[11.709348]
[4.]	[10.616182]
[4.]	[10.565847]
[4.]	[11.138435]
[4.]	[10.96578]
[4.]	[9.95391]
[4.]	[10.093365]
[4.]	[10.109421]
[4.]	[10.097446]
[4.]	[9.641002]
[4.]	[10.1289835]
[4.]	[10.143491]
[4.]	[10.251356]
[4.]	[10.082824]
[4.]	[10.079827]
[4.]	[9.980873]
[4.]	[9.980873]
[4.]	[10.375649]
[4.]	[10.083666]
[4.]	[9.447677]
[168.]	[9.543533]
[261.]	[171.99112]
[267.]	[237.78041]
[249.]	[231.07405]
[246.]	[220.72742]
[251.]	[220.42422]
[265.]	[225.454]
[265.]	[236.58577]
[269.]	[237.80537]
[152.]	[231.89355]
[80.]	[124.60466]
[53.]	[55.164677]
[38.]	[43.592644]
[27.]	[36.406616]
[108.]	[131.81514]
[97.]	[107.77369]
[99.]	[94.68983]
[95.]	[98.57597]
[99.]	[96.1053]
[106.]	[100.743774]
[104.]	[105.25038]
[112.]	[105.024864]
[117.]	[113.481445]
[119.]	[119.201744]
[128.]	[122.17227]
[139.]	[132.96013]
[151.]	[144.09163]
[157.]	[150.6966]
[133.]	[149.42854]
[100.]	[121.226845]
[94.]	[79.02611]
[82.]	[76.110245]
[72.]	[75.49395]
[63.]	[70.10209]
[78.]	[58.922607]
[84.]	[78.33306]
[87.]	[90.22464]
[76.]	[95.32498]
[74.]	[87.85621]
[69.]	[81.996124]
[63.]	[83.36316]
[60.]	[59.927937]
[60.]	[55.26792]
[63.]	[57.215553]
[69.]	[62.41923]
[71.]	[69.80118]
[77.]	[76.39681]
[81.]	[79.18426]
[84.]	[82.45282]
[98.]	[93.13713]
[100.]	[107.89627]
[113.]	[107.97022]
[117.]	[116.340164]
[118.]	[117.07932]
[116.]	[116.45935]
[112.]	[116.42526]
[118.]	[114.73216]
[131.]	[121.681885]
[142.]	[135.39104]
[152.]	[147.28957]
[155.]	[154.90865]
[137.]	[156.954]
[110.]	[131.48549]
[99.]	[100.70166]
[88.]	[89.28794]
[89.]	[82.6467]
[95.]	[86.11647]
[98.]	[94.198555]
[98.]	[97.89485]
[113.]	[97.576935]
[114.]	[110.34482]
[80.]	[119.296844]
[27.]	[66.11524]
[22.]	[20.524185]
[24.]	[20.780518]
[51.]	[37.833954]
[51.]	[62.110985]
[84.]	[63.178486]
[77.]	[89.596634]
[51.]	[77.29281]
[51.]	[44.447895]
[25.]	[46.03703]
[23.]	[19.392323]
[27.]	[20.953688]
[33.]	[29.693808]
[32.]	[35.4889]
[46.]	[36.00143]
[36.]	[45.82655]
[35.]	[38.686737]
[33.]	[35.55915]
[29.]	[41.014805]
[78.]	[37.240837]
[49.]	[65.90118]
[50.]	[50.63445]
[53.]	[46.636185]
[46.]	[52.348167]
[55.]	[48.44963]
[101.]	[69.1527]
[122.]	[111.38679]
[130.]	[132.37732]
[142.]	[136.72682]
[137.]	[144.03923]
[115.]	[132.98207]
[58.]	[100.42477]
[55.]	[51.356453]
[55.]	[51.483177]
[58.]	[60.986916]
[61.]	[65.98101]
[69.]	[71.630005]
[78.]	[78.83143]
[116.]	[91.19219]
[126.]	[127.29791]
[116.]	[128.09572]
[119.]	[109.461784]
[107.]	[110.19018]
[113.]	[105.620674]
[115.]	[113.223915]
[116.]	[118.524445]
[122.]	[119.8049]
[122.]	[126.94366]
[128.]	[127.98529]
[142.]	[134.19496]
[154.]	[150.3803]
[158.]	[155.20583]
[167.]	[151.00276]
[173.]	[160.05031]
[185.]	[170.3079]
[185.]	[179.09775]
[185.]	[178.21013]
[137.]	[168.00572]
[171.]	[142.50626]
[177.]	[167.34132]
[191.]	[176.10954]
[198.]	[189.12144]
[191.]	[198.52773]
[184.]	[188.75569]
[172.]	[177.21118]
[164.]	[164.71144]
[184.]	[153.27057]
[201.]	[171.33275]
[178.]	[187.64561]
[153.]	[165.44426]
[162.]	[135.799]
[167.]	[146.04195]
[170.]	[155.18413]
[168.]	[157.82631]
[172.]	[155.64336]
[161.]	[161.70293]
[156.]	[147.55641]
[150.]	[141.02632]
[132.]	[137.02798]
[114.]	[117.952095]
[114.]	[103.07024]
[114.]	[107.48654]
[114.]	[109.265686]
[114.]	[110.78796]
[72.]	[110.48527]
[73.]	[61.30387]
[73.]	[62.345203]
[74.]	[71.35239]
[77.]	[74.069595]
[72.]	[72.85144]
[75.]	[69.90279]
[62.]	[57.933434]
[70.]	[65.74216]
[65.]	[68.420074]
[61.]	[57.081993]
[66.]	[56.87651]
[56.]	[55.269653]
[49.]	[45.10665]
[56.]	[42.058212]
[56.]	[52.071915]
[56.]	[52.15451]
[26.]	[51.141052]
[26.]	[35.912437]
[48.]	[35.63084]
[48.]	[56.2298]
[51.]	[56.25241]
[50.]	[57.497444]
[56.]	[56.55692]
[62.]	[60.82024]
[62.]	[69.90367]
[74.]	[70.98065]
[82.]	[83.84171]
[90.]	[89.31392]
[82.]	[89.94046]
[80.]	[81.54631]
[80.]	[78.337814]
[80.]	[79.82794]
[70.]	[82.07504]
[74.]	[78.555565]
[83.]	[90.02747]
[83.]	[101.697235]
[93.]	[98.97044]
[86.]	[109.77519]
[86.]	[98.440155]
[38.]	[97.309814]
[36.]	[34.4289]
[48.]	[33.60642]
[61.]	[57.286552]
[82.]	[67.439606]
[94.]	[85.215836]
[99.]	[97.11336]
[91.]	[101.29625]
[89.]	[94.06183]
[86.]	[87.88393]
[100.]	[84.751465]
[106.]	[97.20879]
[109.]	[101.9576]
[118.]	[104.98126]
[120.]	[111.26427]
[119.]	[112.39667]
[115.]	[115.09985]
[131.]	[118.587814]
[142.]	[136.9406]
[168.]	[149.65248]
[158.]	[159.80968]
[158.]	[151.38127]
[122.]	[151.67882]
[110.]	[114.53913]
[102.]	[96.48016]
[86.]	[90.048645]
[86.]	[80.71796]
[75.]	[82.424]
[69.]	[74.62671]
[53.]	[68.615204]
[49.]	[53.0514]
[47.]	[46.498497]
[49.]	[46.236927]
[48.]	[49.415367]
[59.]	[49.408722]
[69.]	[57.5331]
[73.]	[65.08306]
[79.]	[69.809616]
[81.]	[75.97308]
[86.]	[79.53647]
[89.]	[83.35329]
[101.]	[92.067245]
[114.]	[103.79773]
[130.]	[114.42232]
[125.]	[121.48729]
[125.]	[118.00814]
[116.]	[115.03284]
[122.]	[109.037575]
[112.]	[113.57881]
[97.]	[109.50692]
[105.]	[94.926346]
[44.]	[92.52957]
[57.]	[33.0703]
[86.]	[48.583015]
[56.]	[80.275185]
[49.]	[54.13629]
[56.]	[39.38017]
[55.]	[50.47026]
[30.]	[49.476135]
[29.]	[26.04907]
[34.]	[23.909153]
[30.]	[34.930695]
[37.]	[31.754251]
[39.]	[35.867393]
[43.]	[39.861305]
[39.]	[42.945995]
[41.]	[41.201874]
[41.]	[42.523827]
[41.]	[42.619396]
[40.]	[43.88586]
[49.]	[40.746155]
[55.]	[47.33645]
[55.]	[52.457848]
[53.]	[52.016052]
[56.]	[52.060913]
[38.]	[53.013973]
[38.]	[42.40232]
[52.]	[41.860703]
[59.]	[55.442993]
[88.]	[65.22014]
[109.]	[87.904785]
[112.]	[104.54904]
[112.]	[104.529175]
[116.]	[103.003235]
[118.]	[107.77094]
[124.]	[107.07037]
[122.]	[110.79649]
[123.]	[108.569016]
[129.]	[109.879265]
[136.]	[119.179855]
[143.]	[126.91629]
[152.]	[134.09421]
[133.]	[141.83621]
[121.]	[125.45038]
[114.]	[109.468216]
[119.]	[104.29269]
[119.]	[108.24959]
[115.]	[108.977844]
[109.]	[109.52648]
[126.]	[106.83504]
[126.]	[124.37183]
[119.]	[123.96795]
[110.]	[112.09094]
[109.]	[102.542885]
[103.]	[103.55855]
[97.]	[96.93825]
[99.]	[92.47727]
